     0/299     4.75G   0.07137     0.168   0.03061      0.27        20       640  0.009835   0.05888  0.004231 0.0007188    0.1023   0.02627   0.03028
     1/299     4.76G   0.06991   0.02311   0.02527    0.1183        18       640    0.2935   0.09945   0.02152  0.003843   0.09602   0.02494    0.0254
     2/299     4.76G   0.06545    0.0237    0.0155    0.1046        24       640    0.4729    0.2007    0.1272   0.03318   0.08626   0.02706   0.02367
     3/299     4.76G   0.05784   0.02485  0.009803   0.09249        21       640    0.6527    0.3319    0.3327    0.1194   0.07653   0.02691   0.02244
     4/299     4.76G   0.05212     0.025   0.00735   0.08446        20       640    0.6808    0.4024     0.395    0.1398    0.0714   0.02653    0.0221
     5/299     4.76G   0.04901   0.02427  0.006275   0.07955        44       640     0.731    0.4689    0.4692     0.186   0.06873   0.02576   0.02042
     6/299     4.76G   0.04672   0.02463  0.005724   0.07708        25       640    0.8091    0.4751    0.5377    0.2371   0.06538   0.02594    0.0206
     7/299     4.76G   0.04524   0.02391   0.00533   0.07448        47       640     0.814    0.5168    0.5814    0.2642   0.06385   0.02567   0.01952
     8/299     4.76G   0.04399   0.02378  0.005029    0.0728        22       640    0.5665    0.5258    0.5767      0.26   0.06267   0.02555   0.01931
     9/299     4.76G   0.04292   0.02343  0.004709   0.07106        12       640    0.6915    0.5589    0.6138    0.2831   0.06236   0.02603   0.01881
    10/299     4.76G     0.042   0.02324  0.004419   0.06966        17       640     0.638    0.5377    0.6329    0.2977   0.05967   0.02601   0.01888
    11/299     4.76G   0.04164   0.02332  0.004539    0.0695         6       640    0.8622    0.5716    0.6453    0.3174   0.05915   0.02558   0.02011
    12/299     4.76G   0.04142   0.02296  0.004145   0.06852         8       640     0.746    0.5987    0.6735    0.3163   0.05843   0.02587   0.01915
    13/299     4.76G   0.04056   0.02304   0.00405   0.06765         6       640    0.8003    0.6214    0.6746    0.3309   0.05886   0.02483   0.01778
    14/299     4.76G      0.04   0.02242  0.003916   0.06634        13       640    0.8732    0.6296    0.6823    0.3431   0.05714   0.02586   0.01757
    15/299     4.76G   0.03964   0.02242  0.003866   0.06593         4       640    0.8038    0.6119    0.6788    0.3463   0.05636   0.02548   0.01826
    16/299     4.76G   0.03957   0.02243  0.003656   0.06565        30       640    0.7343    0.7127    0.7755    0.3769   0.05599    0.0251   0.01749
    17/299     4.76G   0.03905   0.02248  0.003579   0.06512        12       640    0.8148    0.7367    0.8143    0.4008   0.05488   0.02466   0.01735
    18/299     4.76G   0.03868    0.0222  0.003504   0.06438        46       640    0.8199    0.7197    0.8052    0.3939    0.0552   0.02462   0.01828
    19/299     4.76G   0.03823   0.02214  0.003455   0.06382        17       640    0.8072    0.6412    0.7172    0.3515   0.05526   0.02535    0.0181
    20/299     4.76G   0.03818   0.02194  0.003455   0.06358        10       640    0.7935    0.7488    0.8168    0.4141   0.05366   0.02478    0.0169
    21/299     4.76G   0.03797    0.0219  0.003356   0.06323        12       640    0.8355    0.6684    0.7382    0.3615   0.05492   0.02636    0.0185
    22/299     4.76G   0.03766   0.02189  0.003153    0.0627        32       640    0.6949    0.7982    0.8005    0.4054   0.05288   0.02533   0.01721
    23/299     4.76G   0.03747    0.0216  0.003052   0.06212        37       640    0.8039    0.7192    0.7903    0.4078   0.05327   0.02543   0.01694
    24/299     4.76G    0.0372   0.02187  0.003059   0.06213        67       640    0.6586    0.7124    0.7484    0.3845   0.05297   0.02567   0.01691
    25/299     4.76G   0.03697   0.02151  0.003185   0.06166        14       640    0.8542    0.6802     0.779    0.4071   0.05216   0.02617   0.01554
    26/299     4.76G   0.03703    0.0211  0.003026   0.06116         5       640    0.8249    0.7605    0.8215    0.4273   0.05226   0.02545   0.01633
    27/299     4.76G   0.03689   0.02132   0.00288    0.0611        14       640    0.8582     0.746    0.8255    0.4298   0.05178   0.02588   0.01676
    28/299     4.76G   0.03666   0.02148  0.002879   0.06102        10       640    0.8361    0.7859    0.8447    0.4263   0.05186   0.02551   0.01562
    29/299     4.76G   0.03651   0.02094  0.002954    0.0604        12       640    0.8003     0.746    0.8156    0.4265    0.0517    0.0266    0.0163
    30/299     4.76G   0.03629   0.02129  0.002852   0.06043        14       640    0.8062    0.7076    0.7796     0.411   0.05122   0.02646   0.01642
    31/299     4.76G   0.03638   0.02123  0.002863   0.06047         6       640    0.8742     0.798    0.8572    0.4528   0.05105   0.02523   0.01492
    32/299     4.76G   0.03596   0.02101  0.002704   0.05967        11       640    0.7855    0.7977    0.8412    0.4468   0.05046   0.02601   0.01542
    33/299     4.76G   0.03592   0.02083  0.002698   0.05945        12       640    0.8521    0.7484    0.8154    0.4346   0.05096   0.02611   0.01675
    34/299     4.76G   0.03567   0.02061  0.002734   0.05901        14       640    0.8073     0.785    0.8352    0.4396   0.04908   0.02617    0.0146
    35/299     4.76G   0.03575   0.02075  0.002661   0.05916         6       640    0.8602    0.7826    0.8465    0.4566   0.04913   0.02653   0.01561
    36/299     4.76G   0.03568   0.02091   0.00276   0.05935         9       640    0.8468    0.8108     0.866    0.4593   0.04942   0.02585   0.01496
    37/299     4.76G    0.0352   0.02093  0.002508   0.05863        24       640    0.8614    0.8157     0.877    0.4637    0.0497   0.02575    0.0153
    38/299     4.76G   0.03527    0.0208  0.002646   0.05871        17       640    0.9045    0.8024    0.8806    0.4686   0.04986   0.02575   0.01443
    39/299     4.76G   0.03509   0.02036  0.002574   0.05803        14       640    0.8496    0.8131    0.8694    0.4679   0.04925   0.02602    0.0145
    40/299     4.76G     0.035   0.02073    0.0024   0.05813        34       640    0.8509    0.7981    0.8725    0.4794   0.04899   0.02546     0.016
    41/299     4.76G   0.03477   0.02031  0.002474   0.05756        19       640    0.8667    0.8266    0.8848    0.4799   0.04848   0.02621   0.01484
    42/299     4.76G   0.03468   0.02052  0.002364   0.05757        28       640    0.8716    0.8146    0.8811    0.4768   0.04848   0.02595   0.01503
    43/299     4.76G   0.03475   0.02009   0.00245   0.05729         8       640    0.8729    0.8319    0.8905    0.4726   0.04841   0.02584    0.0149
    44/299     4.76G   0.03461   0.02057  0.002406   0.05759        15       640    0.8692    0.8254    0.8939    0.4897   0.04812   0.02571   0.01453
    45/299     4.76G   0.03458   0.02076  0.002312   0.05766        36       640    0.9133    0.8117    0.8898    0.4744   0.04764    0.0265   0.01442
    46/299     4.76G    0.0344   0.02037  0.002341   0.05711        69       640    0.8678    0.8203    0.8777    0.4695   0.04835   0.02639   0.01343
    47/299     4.76G   0.03411   0.02032  0.002367   0.05679        26       640    0.8585    0.8489    0.8884    0.4892   0.04732   0.02618   0.01461
    48/299     4.76G   0.03405   0.02024  0.002174   0.05646        55       640     0.881    0.8356    0.8977    0.4916   0.04842   0.02607   0.01441
    49/299     4.76G   0.03403   0.02032  0.002283   0.05663        41       640    0.8855    0.8288    0.8893    0.4917   0.04714    0.0264   0.01417
    50/299     4.76G   0.03394   0.02012  0.002252   0.05632        20       640    0.8963    0.8164     0.883    0.4778   0.04695   0.02669   0.01399
    51/299     4.76G    0.0342   0.02059  0.002381   0.05716        65       640    0.9007    0.8296    0.8864    0.4897   0.04668   0.02691   0.01447
    52/299     4.76G   0.03401   0.02007  0.002295   0.05638        11       640    0.9172    0.8133     0.889    0.4948   0.04694   0.02669   0.01342
    53/299     4.76G   0.03409   0.02021  0.002332   0.05663         4       640    0.8839    0.8181    0.8794    0.4889   0.04771   0.02671   0.01491
    54/299     4.76G   0.03348   0.01999   0.00218   0.05565        13       640    0.8631    0.8165    0.8843    0.4848   0.04759   0.02646   0.01395
    55/299     4.76G   0.03367   0.02026  0.002148   0.05608        22       640    0.8889    0.8246    0.8901    0.4934   0.04748   0.02696   0.01379
    56/299     4.76G   0.03359   0.02008    0.0022   0.05587        13       640    0.9133    0.8304    0.8848    0.4907   0.04706   0.02711   0.01398
    57/299     4.76G   0.03345   0.02001  0.002091   0.05555         8       640    0.8413    0.8555    0.8812    0.4926   0.04731   0.02655   0.01343
    58/299     4.76G   0.03346   0.02003    0.0022   0.05569        56       640    0.8975    0.8061    0.8884    0.4985   0.04674   0.02738   0.01424
    59/299     4.76G   0.03338   0.01972   0.00217   0.05527        40       640    0.8804    0.8357    0.8956    0.4968   0.04635   0.02725   0.01351
    60/299     4.76G    0.0332   0.01941  0.002116   0.05473         4       640    0.8784    0.8481    0.8927    0.5105   0.04584   0.02666   0.01326
    61/299     4.76G   0.03311   0.01983  0.002042   0.05499         5       640    0.8926    0.8172    0.8915    0.5078    0.0456   0.02694   0.01319
    62/299     4.76G   0.03332   0.02006  0.002119    0.0555        24       640    0.8985    0.8589    0.9025    0.5157    0.0453   0.02671   0.01321
    63/299     4.76G   0.03325   0.01985  0.002054   0.05516        26       640    0.8973    0.8151    0.8877    0.5029   0.04596    0.0274   0.01371
    64/299     4.76G    0.0327   0.01949   0.00197   0.05415        30       640    0.8826    0.8524    0.9094    0.5084   0.04537   0.02665   0.01307
    65/299     4.76G   0.03271   0.01986  0.002018   0.05459         2       640    0.8796    0.8576    0.9069     0.513   0.04452   0.02739   0.01325
    66/299     4.76G   0.03271   0.01991  0.001917   0.05454        25       640    0.9023    0.8482    0.9103    0.5096   0.04485    0.0272   0.01352
    67/299     4.76G   0.03275   0.01977  0.002021   0.05453        21       640    0.9166    0.8228    0.9142    0.5116   0.04465   0.02676   0.01279
    68/299     4.76G   0.03278   0.01987  0.002053    0.0547        67       640    0.8762    0.8685    0.9156    0.5264   0.04414    0.0271   0.01345
    69/299     4.76G   0.03258   0.01956   0.00198   0.05412        19       640    0.8853    0.8659    0.9144    0.5243    0.0445   0.02687   0.01359
    70/299     4.76G   0.03248   0.01934  0.001873   0.05369         7       640    0.8739    0.8672    0.9153    0.5182   0.04483   0.02719   0.01353
    71/299     4.76G   0.03252   0.01973  0.001971   0.05422        21       640    0.8853    0.8464    0.9121    0.5222   0.04412    0.0264   0.01347
    72/299     4.76G   0.03278   0.01971  0.002006   0.05449        14       640     0.899    0.8487    0.9162    0.5203   0.04368   0.02716   0.01297
    73/299     4.76G   0.03253   0.01939  0.002042   0.05396        48       640    0.9084    0.8375    0.9133    0.5153   0.04429   0.02686   0.01313
    74/299     4.76G   0.03249   0.01949  0.001911   0.05389        14       640    0.9116    0.8434    0.9109     0.528   0.04433   0.02696   0.01295
    75/299     4.76G    0.0321   0.01928  0.001859   0.05324        12       640    0.9439    0.8143    0.9098    0.5192   0.04397   0.02721   0.01301
    76/299     4.76G   0.03215   0.01929  0.001966   0.05341        66       640    0.9015    0.8719    0.9245    0.5248   0.04386   0.02703   0.01315
    77/299     4.76G   0.03217   0.01922  0.001822   0.05321        10       640    0.9147    0.8524    0.9134    0.5217   0.04383   0.02716   0.01328
    78/299     4.76G   0.03236   0.01925  0.002006   0.05362         9       640     0.929    0.8351    0.9109    0.5238   0.04374   0.02723   0.01329
    79/299     4.76G   0.03226   0.01908   0.00203   0.05337        24       640    0.9121    0.8302    0.8988    0.5176    0.0438   0.02754   0.01282
    80/299     4.76G   0.03196   0.01936  0.001841   0.05316        11       640    0.8948    0.8445    0.9115    0.5339   0.04313   0.02735   0.01233
    81/299     4.76G   0.03201   0.01913  0.001872   0.05301        44       640    0.9012    0.8471    0.9155    0.5338   0.04325    0.0273   0.01249
    82/299     4.76G    0.0321   0.01935  0.001835   0.05328        36       640    0.8935    0.8447    0.9097    0.5256   0.04362   0.02755    0.0127
    83/299     4.76G   0.03193   0.01913  0.001795   0.05286        38       640    0.9041    0.8336    0.9106    0.5245   0.04379   0.02767   0.01276
    84/299     4.76G   0.03178   0.01901  0.001788   0.05257        47       640    0.9153     0.837    0.9161     0.529   0.04281   0.02755    0.0125
    85/299     4.76G   0.03179   0.01907  0.001833   0.05269        59       640     0.913    0.8341    0.9132     0.526   0.04278   0.02751    0.0126
    86/299     4.76G   0.03169   0.01897  0.001815   0.05247        13       640      0.89    0.8522    0.9057    0.5186   0.04323   0.02759    0.0126
    87/299     4.76G   0.03174    0.0188  0.001841   0.05238        41       640    0.9137     0.834    0.9025     0.516   0.04342   0.02783   0.01252
    88/299     4.76G   0.03177   0.01893  0.001761   0.05245        19       640    0.9142    0.8381     0.911    0.5232   0.04295   0.02804   0.01297
    89/299     4.76G   0.03154    0.0187  0.001695   0.05194         5       640    0.9158    0.8398    0.9121    0.5192   0.04239    0.0279   0.01304
    90/299     4.76G   0.03153   0.01888  0.001814   0.05222        15       640    0.9116    0.8614    0.9171    0.5251   0.04211   0.02795    0.0128
    91/299     4.76G   0.03138   0.01881  0.001757   0.05195        28       640    0.9137    0.8536    0.9234    0.5302   0.04222   0.02794   0.01261
    92/299     4.76G   0.03155    0.0188  0.001795   0.05215        21       640    0.9212    0.8456    0.9245    0.5323   0.04208   0.02794   0.01241
    93/299     4.76G   0.03165   0.01893  0.001826   0.05241        44       640    0.9133    0.8616    0.9261    0.5297    0.0419   0.02783   0.01241
    94/299     4.76G   0.03145   0.01838  0.001735   0.05156         4       640    0.9131    0.8556    0.9221    0.5337   0.04193   0.02805   0.01251
    95/299     4.76G   0.03128   0.01885  0.001765    0.0519        38       640    0.9075    0.8581    0.9218    0.5326     0.042   0.02772    0.0128
    96/299     4.76G   0.03128   0.01871  0.001747   0.05174        22       640    0.9237    0.8684    0.9317     0.538   0.04204   0.02747   0.01247
    97/299     4.76G   0.03126   0.01882   0.00167   0.05175        24       640    0.9271    0.8586    0.9305    0.5347   0.04226    0.0278   0.01272
    98/299     4.76G   0.03115   0.01858  0.001656   0.05138        13       640    0.9273    0.8655    0.9321    0.5304   0.04236   0.02795   0.01276
    99/299     4.76G    0.0312   0.01868  0.001678   0.05156        35       640    0.9289    0.8578    0.9348    0.5314   0.04253   0.02783   0.01291
   100/299     4.76G   0.03127   0.01894  0.001728   0.05194        10       640    0.9038    0.8777    0.9343    0.5325   0.04212   0.02782   0.01279
   101/299     4.76G   0.03081   0.01856  0.001652   0.05103         6       640    0.8997    0.8678    0.9305    0.5358   0.04164    0.0282   0.01282
   102/299     4.76G   0.03101   0.01861  0.001635   0.05125        70       640    0.8995    0.8663     0.929    0.5313    0.0415   0.02849    0.0129
   103/299     4.76G   0.03088    0.0184   0.00165   0.05093        18       640    0.9115     0.864    0.9327    0.5313   0.04163    0.0284   0.01288
   104/299     4.76G   0.03077   0.01832  0.001666   0.05075        13       640      0.92    0.8684    0.9363    0.5374   0.04175   0.02833   0.01276
   105/299     4.76G   0.03083   0.01875  0.001565   0.05115        16       640    0.9206    0.8714    0.9362    0.5402    0.0415   0.02819   0.01284
   106/299     4.76G   0.03089   0.01871  0.001657   0.05126         4       640     0.928    0.8629    0.9337    0.5397    0.0414   0.02845   0.01273
   107/299     4.76G   0.03067   0.01862  0.001612    0.0509        37       640    0.9421    0.8547    0.9328    0.5417   0.04146   0.02839   0.01258
   108/299     4.76G   0.03065   0.01846  0.001663   0.05078         9       640    0.9248    0.8691    0.9305    0.5447   0.04136   0.02825   0.01272
   109/299     4.76G   0.03073   0.01855  0.001631   0.05091        49       640    0.9266    0.8647    0.9293    0.5462   0.04107   0.02812   0.01301
   110/299     4.76G   0.03075   0.01859  0.001635   0.05097        55       640    0.9231    0.8734    0.9386    0.5465    0.0407   0.02843    0.0129
   111/299     4.76G   0.03046   0.01829  0.001606   0.05036         8       640    0.9174    0.8779    0.9332    0.5468   0.04042   0.02852   0.01275
   112/299     4.76G   0.03083   0.01838  0.001653   0.05086         8       640    0.9434    0.8603    0.9376    0.5443   0.04033    0.0288   0.01296
   113/299     4.76G   0.03026   0.01813  0.001522   0.04991         8       640    0.9233    0.8658    0.9343    0.5456   0.04031   0.02892   0.01271
   114/299     4.76G   0.03035   0.01793  0.001511   0.04979        13       640    0.9424    0.8504    0.9354    0.5465   0.04007   0.02879   0.01258
   115/299     4.76G   0.03037   0.01848  0.001534   0.05038         4       640    0.9438    0.8473    0.9349    0.5452   0.03998   0.02872   0.01259
   116/299     4.76G   0.02999   0.01784  0.001456   0.04928        18       640    0.9425    0.8464    0.9348    0.5426   0.04011    0.0288   0.01246
   117/299     4.76G   0.03022   0.01832  0.001598   0.05013        28       640    0.8985    0.8885    0.9394    0.5445    0.0402   0.02875   0.01239
   118/299     4.76G   0.03029   0.01814  0.001564      0.05        25       640    0.9417    0.8503    0.9371    0.5474   0.04035    0.0288   0.01237
   119/299     4.76G   0.03037    0.0181  0.001531      0.05        32       640    0.9193    0.8704    0.9362    0.5466   0.04054   0.02889   0.01243
   120/299     4.76G   0.03021   0.01807  0.001473   0.04974        36       640    0.9074    0.8754    0.9357    0.5469   0.04083   0.02878    0.0126
   121/299     4.76G   0.03004   0.01796  0.001523   0.04952        38       640    0.9181    0.8593    0.9359    0.5475   0.04095   0.02873   0.01248
   122/299     4.76G   0.03019   0.01825  0.001606   0.05005        11       640    0.8947    0.8848    0.9339    0.5476   0.04091    0.0288   0.01248
   123/299     4.76G   0.02999   0.01812  0.001554   0.04967        17       640     0.924    0.8615    0.9337    0.5494   0.04074   0.02876    0.0126
   124/299     4.76G   0.03013   0.01829  0.001648   0.05006        65       640     0.902    0.8769    0.9307    0.5477   0.04057   0.02876   0.01274
   125/299     4.76G   0.03027   0.01822  0.001544   0.05004         8       640    0.9173    0.8668    0.9294    0.5463   0.04037   0.02888   0.01273
   126/299     4.76G    0.0299   0.01836  0.001477   0.04973         8       640    0.9157    0.8578    0.9269    0.5475   0.04031   0.02902   0.01273
   127/299     4.76G   0.02995   0.01782  0.001506   0.04927        22       640    0.9016    0.8812    0.9274    0.5471   0.04017   0.02907    0.0126
   128/299     4.76G   0.02989   0.01805  0.001507   0.04945        50       640    0.9309    0.8566     0.929    0.5484   0.04008   0.02908   0.01255
   129/299     4.76G   0.02988   0.01845  0.001538   0.04987        27       640    0.9085    0.8784    0.9307     0.549   0.04005     0.029   0.01256
   130/299     4.76G   0.02991   0.01803  0.001591   0.04953        16       640    0.8948    0.8883    0.9336    0.5524   0.04012    0.0291   0.01252
   131/299     4.76G   0.02969    0.0179  0.001483   0.04907        35       640    0.9025    0.8842    0.9343    0.5532   0.04014   0.02908   0.01239
   132/299     4.76G   0.02978   0.01784  0.001409   0.04903         9       640    0.9237     0.867    0.9333     0.551   0.04011    0.0291   0.01228
   133/299     4.76G   0.02989   0.01778  0.001572   0.04924        60       640    0.9185    0.8726     0.936    0.5531   0.04007   0.02918   0.01221
   134/299     4.76G   0.02967   0.01784  0.001481   0.04899        30       640    0.9153    0.8747    0.9347    0.5549   0.04015   0.02907   0.01226
   135/299     4.76G   0.02955   0.01778  0.001436   0.04877        15       640    0.9231     0.872    0.9349    0.5534   0.04016    0.0291   0.01223
   136/299     4.76G   0.02944    0.0178  0.001555   0.04879        20       640    0.9234    0.8747    0.9357    0.5526   0.04019   0.02908   0.01222
   137/299     4.76G   0.02948   0.01783  0.001452   0.04876        23       640    0.9257    0.8729    0.9352    0.5527   0.04017   0.02908   0.01219
   138/299     4.76G   0.02935   0.01788  0.001441   0.04867        19       640    0.9257    0.8745     0.936     0.553   0.04008   0.02909   0.01216
   139/299     4.76G   0.02943   0.01751  0.001328   0.04827        26       640    0.9247    0.8797    0.9394    0.5543   0.03995   0.02912   0.01217
   140/299     4.76G   0.02911   0.01731  0.001377    0.0478        43       640    0.9208     0.883    0.9407    0.5556   0.03988   0.02913   0.01223
   141/299     4.76G   0.02926   0.01757  0.001427   0.04825         8       640    0.9181    0.8862    0.9416     0.554    0.0399    0.0291   0.01225
   142/299     4.76G   0.02954   0.01787  0.001552   0.04897        36       640    0.9224    0.8845    0.9414    0.5551   0.03988   0.02911   0.01221
   143/299     4.76G   0.02927   0.01783  0.001463   0.04856        22       640    0.9185    0.8861    0.9422    0.5566    0.0399   0.02909   0.01222
   144/299     4.76G   0.02914    0.0176  0.001342   0.04808        42       640    0.9164    0.8853    0.9393    0.5564   0.03995   0.02906   0.01226
   145/299     4.76G   0.02905   0.01781  0.001382   0.04824        37       640    0.9267    0.8829    0.9422    0.5571   0.03991   0.02914   0.01225
   146/299     4.76G   0.02911   0.01743  0.001361    0.0479        14       640     0.936    0.8706    0.9415    0.5559   0.03987   0.02914   0.01225
   147/299     4.76G   0.02913   0.01757  0.001348   0.04805        31       640    0.9307    0.8758    0.9401    0.5569   0.03982    0.0292   0.01228
   148/299     4.76G   0.02896   0.01777  0.001424   0.04815         7       640    0.9234    0.8793    0.9408    0.5568   0.03979    0.0292   0.01224
   149/299     4.76G   0.02905   0.01769  0.001435   0.04817         7       640      0.94    0.8603    0.9395    0.5574    0.0398   0.02922   0.01217
   150/299     4.76G   0.02902   0.01758  0.001384   0.04798         5       640    0.9054    0.8919    0.9398    0.5571   0.03977   0.02922   0.01213
   151/299     4.76G   0.02885   0.01746  0.001346   0.04766        32       640    0.9046    0.8923    0.9393    0.5582   0.03969   0.02925   0.01203
   152/299     4.76G   0.02871   0.01744  0.001275   0.04743        62       640     0.904    0.8923    0.9396    0.5563   0.03961   0.02931   0.01198
   153/299     4.76G   0.02885   0.01745   0.00132   0.04762        15       640     0.903    0.8954    0.9406     0.558   0.03956   0.02936   0.01192
   154/299     4.76G   0.02882    0.0172  0.001314   0.04734        38       640    0.9327    0.8666    0.9404    0.5573   0.03951   0.02936   0.01185
   155/299     4.76G   0.02879   0.01729  0.001318   0.04741        12       640    0.9378    0.8641    0.9403    0.5571   0.03946   0.02941    0.0118
   156/299     4.76G    0.0287   0.01773    0.0013   0.04773         3       640    0.9128    0.8869    0.9414    0.5574   0.03942   0.02941   0.01179
   157/299     4.76G   0.02874   0.01751  0.001286   0.04753        42       640    0.9136    0.8877     0.941     0.557    0.0394   0.02944   0.01177
   158/299     4.76G   0.02877   0.01727  0.001368   0.04741        21       640    0.9082    0.8905    0.9401    0.5574   0.03936   0.02942   0.01172
   159/299     4.76G   0.02885   0.01744  0.001377   0.04767         2       640    0.9097    0.8913    0.9413    0.5584   0.03933   0.02943    0.0117
   160/299     4.76G   0.02856   0.01725  0.001323   0.04713        13       640    0.8991    0.8937    0.9397    0.5581   0.03929   0.02945   0.01171
   161/299     4.76G   0.02854   0.01709  0.001336   0.04697         5       640    0.9132    0.8888    0.9408    0.5586   0.03928   0.02946   0.01173
   162/299     4.76G    0.0284   0.01732  0.001354   0.04708        20       640    0.9038    0.8953    0.9408    0.5585   0.03928   0.02947   0.01174
   163/299     4.76G   0.02852   0.01721   0.00126   0.04699        44       640    0.9015    0.8973    0.9417    0.5588   0.03925   0.02949   0.01173
   164/299     4.76G   0.02831   0.01731  0.001311   0.04693        37       640    0.8999    0.8991    0.9414    0.5595   0.03923   0.02954   0.01173
   165/299     4.76G     0.028   0.01699  0.001225   0.04621        18       640    0.9173    0.8817    0.9412    0.5583   0.03921   0.02955   0.01174
   166/299     4.76G   0.02844   0.01691  0.001231   0.04658         7       640    0.9178     0.882    0.9417    0.5592   0.03917   0.02956   0.01173
   167/299     4.76G   0.02824   0.01726   0.00126   0.04676        13       640    0.9155    0.8847    0.9407    0.5579   0.03914   0.02958   0.01172
   168/299     4.76G    0.0281     0.017  0.001291   0.04639        23       640    0.9184    0.8814    0.9409    0.5586   0.03911    0.0296   0.01172
   169/299     4.76G   0.02813   0.01726  0.001269   0.04666        27       640    0.9184    0.8823    0.9409    0.5591   0.03911   0.02961   0.01174
   170/299     4.76G   0.02827   0.01731  0.001252   0.04683        26       640    0.9183    0.8811      0.94     0.559    0.0391   0.02965   0.01177
   171/299     4.76G   0.02799   0.01705  0.001233   0.04627        28       640    0.9216    0.8821    0.9415    0.5588   0.03909   0.02963   0.01178
   172/299     4.76G   0.02807   0.01702  0.001242   0.04633         5       640    0.9193    0.8794    0.9404    0.5599    0.0391   0.02964   0.01179
   173/299     4.76G   0.02805   0.01728  0.001227   0.04655         9       640    0.9174    0.8857    0.9421    0.5598    0.0391   0.02966    0.0118
   174/299     4.76G   0.02795    0.0172  0.001231   0.04639        18       640    0.9196    0.8848    0.9428    0.5595   0.03909   0.02964   0.01178
   175/299     4.76G   0.02799   0.01703  0.001299   0.04632        38       640    0.9197    0.8842    0.9428    0.5603   0.03908   0.02968   0.01177
   176/299     4.76G   0.02784   0.01695  0.001219   0.04601        16       640    0.9172    0.8851    0.9423    0.5602   0.03907   0.02965   0.01176
   177/299     4.76G   0.02762   0.01682  0.001203   0.04564        44       640    0.9113    0.8898    0.9426    0.5598   0.03905   0.02971   0.01176
   178/299     4.76G    0.0274   0.01673  0.001132   0.04525        16       640    0.9122    0.8893    0.9425    0.5597   0.03904   0.02968   0.01177
   179/299     4.76G   0.02773   0.01703  0.001236     0.046        16       640    0.9178    0.8828    0.9439    0.5607   0.03903   0.02971   0.01179
   180/299     4.76G   0.02755   0.01677  0.001142   0.04547        10       640    0.8973    0.9041    0.9438    0.5604   0.03902   0.02975   0.01179
   181/299     4.76G   0.02753   0.01712   0.00114   0.04579        26       640    0.8976    0.9024    0.9433    0.5606     0.039   0.02973    0.0118
   182/299     4.76G   0.02769   0.01693  0.001236   0.04586         2       640    0.9095    0.8891    0.9437    0.5612   0.03898   0.02976   0.01181
   183/299     4.76G   0.02758   0.01678  0.001188   0.04555        21       640    0.9169    0.8853    0.9434    0.5614   0.03895   0.02982   0.01181
   184/299     4.76G   0.02742   0.01665  0.001238   0.04531        37       640    0.9159    0.8847    0.9434    0.5623   0.03893    0.0298   0.01182
   185/299     4.76G   0.02742   0.01653  0.001136   0.04508        12       640     0.898     0.902    0.9435    0.5626   0.03892   0.02983   0.01184
   186/299     4.76G   0.02752    0.0169  0.001206   0.04562        25       640    0.9057    0.8967    0.9435    0.5615   0.03891   0.02985   0.01185
   187/299     4.76G   0.02723   0.01663  0.001165   0.04502        17       640    0.8992    0.9003    0.9434    0.5617   0.03889   0.02986   0.01187
   188/299     4.76G   0.02724   0.01645  0.001076   0.04476        27       640    0.9199    0.8822    0.9433    0.5621   0.03888   0.02989   0.01187
   189/299     4.76G   0.02718   0.01654  0.001107   0.04482        17       640    0.9081    0.8936    0.9431    0.5626   0.03887   0.02986   0.01187
   190/299     4.76G   0.02726   0.01675  0.001166   0.04518        16       640    0.9184    0.8832    0.9431    0.5634   0.03886   0.02986   0.01187
   191/299     4.76G   0.02702   0.01675  0.001118   0.04489         7       640    0.9113    0.8918    0.9432    0.5633   0.03885   0.02988   0.01187
   192/299     4.76G   0.02716   0.01685  0.001168   0.04518        20       640    0.9116    0.8916    0.9433    0.5631   0.03884   0.02991   0.01186
   193/299     4.76G    0.0271   0.01659  0.001156   0.04485        32       640    0.9125    0.8903    0.9433    0.5632   0.03883    0.0299   0.01186
   194/299     4.76G   0.02683   0.01638  0.001125   0.04434        17       640    0.9121    0.8904    0.9433    0.5633   0.03883   0.02991   0.01187
   195/299     4.76G   0.02696   0.01655  0.001087    0.0446        53       640     0.914    0.8897    0.9433     0.563   0.03881   0.02987   0.01188
   196/299     4.76G   0.02704    0.0164   0.00116    0.0446        34       640    0.9146    0.8889    0.9437    0.5635    0.0388   0.02991   0.01188
   197/299     4.76G   0.02693   0.01655  0.001101   0.04458        31       640    0.9143    0.8903    0.9436    0.5636    0.0388    0.0299   0.01189
   198/299     4.76G   0.02671   0.01645  0.001167   0.04433        19       640    0.9116    0.8879    0.9427    0.5636   0.03881   0.02994   0.01189
   199/299     4.76G   0.02702   0.01666  0.001168   0.04485         9       640    0.9119    0.8874    0.9425    0.5638    0.0388   0.02991    0.0119
   200/299     4.76G   0.02667   0.01643  0.001099    0.0442        21       640    0.9065    0.8915    0.9425     0.564    0.0388   0.02996    0.0119
   201/299     4.76G    0.0267   0.01608  0.001157   0.04394        10       640    0.9045    0.8934    0.9422    0.5641   0.03879   0.02992    0.0119
   202/299     4.76G   0.02682   0.01684  0.001114   0.04477        26       640    0.9094     0.889    0.9418     0.564   0.03878   0.02995    0.0119
   203/299     4.76G   0.02658   0.01619  0.001123   0.04389        13       640    0.9091    0.8893    0.9422    0.5648   0.03878   0.02997    0.0119
   204/299     4.76G   0.02691   0.01657   0.00111    0.0446        65       640    0.9039     0.895    0.9428    0.5646   0.03877   0.02994   0.01191
   205/299     4.76G   0.02648   0.01608  0.001025   0.04359        21       640    0.9042    0.8948    0.9421    0.5646   0.03877   0.02994   0.01191
   206/299     4.76G   0.02663   0.01643  0.001059   0.04412        46       640    0.9005    0.8959    0.9419    0.5659   0.03876   0.02998   0.01191
   207/299     4.76G   0.02642   0.01636  0.001069   0.04385         5       640    0.9009    0.8958    0.9418    0.5656   0.03876   0.02997   0.01192
   208/299     4.76G   0.02636   0.01617  0.001037   0.04357        22       640    0.9036    0.8935    0.9417    0.5663   0.03875   0.02998   0.01192
   209/299     4.76G   0.02634   0.01631  0.001052    0.0437         4       640    0.9034    0.8931    0.9403    0.5661   0.03875   0.02997   0.01193
   210/299     4.76G   0.02647   0.01632  0.001109    0.0439        11       640    0.9033    0.8932    0.9402    0.5659   0.03874   0.03001   0.01193
   211/299     4.76G   0.02622   0.01618  0.001085   0.04348         8       640    0.9037    0.8931    0.9402     0.566   0.03872   0.03003   0.01192
   212/299     4.76G   0.02618   0.01632  0.001043   0.04354        17       640    0.9054    0.8919    0.9402    0.5656   0.03872   0.03004   0.01192
   213/299     4.76G   0.02642   0.01616  0.001108   0.04369        28       640    0.9056    0.8921    0.9402     0.565   0.03871   0.03006   0.01192
   214/299     4.76G   0.02635   0.01617  0.001078   0.04359        21       640    0.9049    0.8988    0.9412    0.5644    0.0387   0.03003   0.01192
   215/299     4.76G   0.02618   0.01581  0.001029   0.04302         2       640    0.9063    0.8975    0.9412    0.5644   0.03869   0.03008   0.01193
   216/299     4.76G   0.02605   0.01596  0.001008   0.04302        22       640    0.9068    0.8962    0.9409    0.5642   0.03869   0.03008   0.01193
   217/299     4.76G   0.02599    0.0161  0.001024   0.04312        39       640    0.9053    0.8978    0.9411    0.5649   0.03868   0.03005   0.01192
   218/299     4.76G   0.02599   0.01591   0.00102   0.04292        55       640    0.9053    0.8978     0.941    0.5647   0.03867    0.0301   0.01191
   219/299     4.76G   0.02596   0.01629  0.001062   0.04331        39       640     0.905    0.8985    0.9412    0.5654   0.03866   0.03007   0.01191
   220/299     4.76G   0.02596   0.01589   0.00102   0.04287        45       640    0.9054    0.8976    0.9411    0.5659   0.03865   0.03011   0.01191
   221/299     4.76G    0.0259    0.0159  0.001032   0.04283        32       640    0.9046    0.8985    0.9407    0.5654   0.03864   0.03011   0.01191
   222/299     4.76G   0.02586   0.01608  0.001049   0.04298        21       640     0.905    0.8984    0.9406    0.5655   0.03863    0.0301    0.0119
   223/299     4.76G   0.02594   0.01591   0.00106   0.04291        17       640    0.9057    0.8991    0.9408    0.5652   0.03862   0.03012   0.01189
   224/299     4.76G   0.02562   0.01586  0.001004   0.04249         9       640    0.9055    0.8993    0.9409    0.5659   0.03861   0.03015   0.01189
   225/299     4.76G   0.02554   0.01591 0.0009668   0.04242        19       640    0.9057    0.8993    0.9409    0.5661    0.0386   0.03015   0.01188
   226/299     4.76G   0.02569   0.01607 0.0009827   0.04274        22       640    0.9056    0.8992    0.9408    0.5659    0.0386   0.03013   0.01188
   227/299     4.76G   0.02559   0.01549     0.001   0.04208        38       640    0.9056    0.8986    0.9408    0.5661   0.03859   0.03013   0.01188
   228/299     4.76G   0.02566   0.01566  0.001005   0.04233        25       640    0.9063    0.8978    0.9407     0.566   0.03858   0.03016   0.01188
   229/299     4.76G   0.02537    0.0158 0.0009993   0.04218        34       640    0.9067    0.8974    0.9408    0.5661   0.03857   0.03013   0.01188
   230/299     4.76G   0.02566   0.01596 0.0009871    0.0426        84       640     0.906    0.8981    0.9407    0.5661   0.03856   0.03013   0.01188
   231/299     4.76G   0.02548    0.0155 0.0009791   0.04196        11       640     0.903    0.8963    0.9399    0.5657   0.03855   0.03016   0.01187
   232/299     4.76G    0.0255   0.01583 0.0009584   0.04228         6       640    0.9052    0.8985    0.9409    0.5657   0.03855   0.03019   0.01188
   233/299     4.76G   0.02523    0.0157 0.0009461   0.04187         6       640    0.9051    0.8984    0.9403    0.5659   0.03854   0.03019   0.01188
   234/299     4.76G   0.02535   0.01566 0.0009583   0.04197        22       640    0.9057     0.899    0.9408    0.5657   0.03853   0.03018   0.01188
   235/299     4.76G   0.02514   0.01575 0.0009736   0.04186        40       640    0.9056    0.8989    0.9407    0.5662   0.03852   0.03021   0.01188
   236/299     4.76G   0.02533   0.01566 0.0009686   0.04196        30       640    0.9041    0.9002    0.9409    0.5661   0.03851    0.0302   0.01187
   237/299     4.76G   0.02513   0.01541 0.0009383   0.04148        33       640    0.9035    0.9004    0.9409    0.5662    0.0385   0.03021   0.01187
   238/299     4.76G   0.02504   0.01575 0.0009707   0.04177        38       640     0.907    0.8971    0.9409    0.5662   0.03849   0.03024   0.01186
   239/299     4.76G   0.02518    0.0156 0.0009237   0.04171         2       640    0.9078    0.8966    0.9404    0.5664   0.03848   0.03023   0.01186
   240/299     4.76G   0.02497   0.01559 0.0009385    0.0415        57       640    0.9087    0.8965    0.9404    0.5664   0.03847   0.03027   0.01186
   241/299     4.76G   0.02527   0.01554  0.001005   0.04181        20       640    0.9084     0.896    0.9408    0.5659   0.03847   0.03026   0.01186
   242/299     4.76G   0.02481   0.01532  0.000898   0.04102        37       640    0.9083    0.8961    0.9409    0.5657   0.03846   0.03027   0.01186
   243/299     4.76G   0.02497   0.01554 0.0009251   0.04143         8       640    0.9082    0.8961    0.9409    0.5656   0.03846    0.0303   0.01186
   244/299     4.76G   0.02484   0.01517 0.0009268   0.04094         6       640    0.9093    0.8948    0.9409    0.5658   0.03845   0.03033   0.01185
   245/299     4.76G   0.02497   0.01552  0.000967   0.04146        23       640    0.9093    0.8949    0.9409     0.566   0.03844   0.03031   0.01185
   246/299     4.76G   0.02478   0.01546 0.0009338   0.04118        31       640    0.9093    0.8951    0.9407    0.5662   0.03844   0.03033   0.01185
   247/299     4.76G   0.02482   0.01565 0.0009404    0.0414        15       640    0.9086    0.8955    0.9406    0.5662   0.03843   0.03033   0.01185
   248/299     4.76G   0.02486   0.01554 0.0009403   0.04134         4       640    0.9079    0.8956    0.9406    0.5654   0.03842   0.03033   0.01185
   249/299     4.76G   0.02458   0.01527 0.0008875   0.04074        61       640    0.9079    0.8955    0.9407    0.5655   0.03842   0.03036   0.01186
   250/299     4.76G   0.02491   0.01544 0.0009393   0.04128         7       640    0.9065    0.8967    0.9403    0.5657   0.03841   0.03037   0.01185
   251/299     4.76G   0.02467   0.01552 0.0009568   0.04115        31       640    0.9065    0.8966    0.9406    0.5655    0.0384   0.03036   0.01185
   252/299     4.76G   0.02458   0.01531  0.000927   0.04082        12       640    0.9075    0.8955    0.9404     0.565    0.0384   0.03036   0.01185
   253/299     4.76G    0.0246   0.01533 0.0009049   0.04083        24       640    0.9076    0.8941    0.9403    0.5653    0.0384    0.0304   0.01185
   254/299     4.76G   0.02461   0.01521 0.0009134   0.04073         6       640    0.9076    0.8941    0.9403    0.5654   0.03839   0.03043   0.01185
   255/299     4.76G   0.02457   0.01547 0.0009103   0.04095        21       640    0.9075    0.8941    0.9404    0.5654   0.03839   0.03042   0.01186
   256/299     4.76G   0.02452    0.0153 0.0009332   0.04076         8       640    0.9011    0.9043    0.9407    0.5654   0.03838   0.03042   0.01186
   257/299     4.76G   0.02464   0.01544 0.0009435   0.04102        42       640    0.9006     0.905    0.9408    0.5659   0.03837   0.03041   0.01186
   258/299     4.76G   0.02432   0.01524 0.0008404    0.0404         9       640    0.9016    0.8993    0.9393    0.5649   0.03837   0.03043   0.01186
   259/299     4.76G   0.02461   0.01525 0.0009368   0.04079        40       640    0.9017    0.8989    0.9391    0.5645   0.03836   0.03044   0.01187
   260/299     4.76G   0.02447   0.01519 0.0008891   0.04055         7       640    0.8988    0.9019    0.9389     0.565   0.03835   0.03049   0.01187
   261/299     4.76G   0.02423   0.01527 0.0009075   0.04041        38       640    0.9027    0.8984     0.939    0.5653   0.03835   0.03048   0.01187
   262/299     4.76G   0.02427   0.01526 0.0008973   0.04043        20       640    0.9031    0.8982     0.939    0.5647   0.03834   0.03047   0.01187
   263/299     4.76G   0.02433   0.01535 0.0009309   0.04061        27       640    0.9036    0.8978     0.939    0.5649   0.03834   0.03051   0.01187
   264/299     4.76G   0.02395   0.01495 0.0009013   0.03981        13       640    0.9037    0.8977     0.939    0.5652   0.03834   0.03051   0.01188
   265/299     4.76G   0.02397   0.01501 0.0008339   0.03982        17       640    0.9056    0.8975     0.939    0.5655   0.03833   0.03054   0.01187
   266/299     4.76G   0.02417    0.0153 0.0008847   0.04036         8       640     0.905    0.8969    0.9391    0.5656   0.03833   0.03055   0.01187
   267/299     4.76G     0.024   0.01522 0.0008064   0.04002        12       640    0.9049    0.8969    0.9392     0.566   0.03833   0.03055   0.01187
   268/299     4.76G   0.02422   0.01505 0.0009123   0.04018         7       640    0.9054    0.8972    0.9393    0.5659   0.03832   0.03056   0.01187
   269/299     4.76G   0.02426   0.01518 0.0008974   0.04034        35       640    0.9055    0.8966    0.9395    0.5659   0.03831   0.03059   0.01187
   270/299     4.76G   0.02383   0.01492 0.0007766   0.03953        14       640    0.9052    0.8971    0.9394    0.5657   0.03831   0.03062   0.01187
   271/299     4.76G   0.02396   0.01512 0.0008547   0.03994        23       640    0.9055    0.8965    0.9393    0.5658    0.0383    0.0306   0.01187
   272/299     4.76G   0.02378     0.015 0.0008787   0.03966        28       640    0.9046    0.8965    0.9389     0.566    0.0383   0.03062   0.01187
   273/299     4.76G   0.02401   0.01517  0.000849   0.04003         9       640    0.9048    0.8965    0.9392    0.5663   0.03829   0.03062   0.01187
   274/299     4.76G   0.02389   0.01501 0.0008565   0.03975        21       640    0.9048    0.8963    0.9392    0.5665   0.03829   0.03064   0.01186
   275/299     4.76G   0.02383   0.01489 0.0008761   0.03959         9       640     0.905    0.8961    0.9387    0.5666   0.03828   0.03065   0.01186
   276/299     4.76G    0.0235   0.01468 0.0007845   0.03897        32       640    0.9047    0.8961    0.9392    0.5667   0.03828   0.03068   0.01186
   277/299     4.76G   0.02375   0.01507 0.0008437   0.03967        24       640    0.9047    0.8959    0.9391    0.5666   0.03827   0.03067   0.01185
   278/299     4.76G   0.02376   0.01481 0.0008745   0.03944        56       640    0.9049    0.8956    0.9385    0.5661   0.03827   0.03066   0.01185
   279/299     4.76G   0.02361   0.01481 0.0009313   0.03936        30       640     0.905    0.8955    0.9383    0.5664   0.03827   0.03069   0.01184
   280/299     4.76G   0.02378   0.01473 0.0008244   0.03934        12       640    0.9045    0.8951    0.9386    0.5667   0.03826   0.03069   0.01184
   281/299     4.76G    0.0238   0.01483 0.0008475   0.03948        11       640    0.9046    0.8953    0.9387    0.5662   0.03826    0.0307   0.01184
   282/299     4.76G   0.02385   0.01514   0.00089   0.03988        40       640    0.9023    0.8955    0.9382     0.566   0.03825   0.03071   0.01184
   283/299     4.76G   0.02356   0.01489 0.0008777   0.03933        19       640    0.9043    0.8951    0.9385    0.5666   0.03825   0.03073   0.01184
   284/299     4.76G   0.02358   0.01481 0.0008413   0.03923        18       640    0.9021    0.8955    0.9383    0.5658   0.03824   0.03072   0.01184
   285/299     4.76G   0.02357   0.01478 0.0008397   0.03919         4       640    0.9017    0.8957    0.9382    0.5656   0.03824   0.03076   0.01184
   286/299     4.76G   0.02363   0.01495 0.0008453   0.03943         5       640    0.9016    0.8958    0.9382    0.5655   0.03824   0.03074   0.01185
   287/299     4.76G   0.02382   0.01492 0.0008524   0.03959        24       640    0.9022    0.8951    0.9383     0.566   0.03824   0.03078   0.01184
   288/299     4.76G   0.02338   0.01482 0.0007936     0.039        12       640    0.9026    0.8953    0.9384    0.5665   0.03823   0.03077   0.01184
   289/299     4.76G   0.02353   0.01458 0.0008357   0.03895        19       640    0.9026    0.8954    0.9383    0.5661   0.03823    0.0308   0.01184
   290/299     4.76G   0.02334   0.01459 0.0008591    0.0388        15       640    0.9025    0.8955    0.9384    0.5658   0.03822    0.0308   0.01184
   291/299     4.76G    0.0233   0.01495 0.0008398   0.03909         7       640     0.903    0.8946    0.9384    0.5666   0.03822    0.0308   0.01183
   292/299     4.76G   0.02328   0.01489 0.0008368     0.039         8       640    0.9025    0.8955    0.9383    0.5663   0.03821   0.03081   0.01183
   293/299     4.76G   0.02327   0.01453 0.0008099   0.03861        12       640    0.9025    0.8956    0.9384    0.5666   0.03821   0.03082   0.01183
   294/299     4.76G   0.02342   0.01464 0.0008287   0.03888        24       640     0.903    0.8943    0.9382    0.5665    0.0382   0.03084   0.01183
   295/299     4.76G   0.02349   0.01479 0.0008466   0.03912        37       640    0.9035    0.8943    0.9381    0.5661    0.0382   0.03082   0.01183
   296/299     4.76G   0.02352   0.01489 0.0008345   0.03924        58       640    0.9164    0.8804    0.9381    0.5665   0.03819   0.03087   0.01183
   297/299     4.76G   0.02334   0.01477 0.0008227   0.03893        28       640    0.9172    0.8811     0.938    0.5661   0.03819   0.03087   0.01183
   298/299     4.76G   0.02348   0.01483 0.0008874    0.0392        25       640    0.9175    0.8804     0.938     0.566   0.03818   0.03088   0.01184
   299/299     4.76G   0.02342   0.01476  0.000839   0.03902        36       640    0.9185    0.8798    0.9378    0.5657   0.03818   0.03089   0.01184
